2 1 0.018867924528301216
3 1 0.018867924528302105
4 1 0.018867924528302105
5 1 0.018867924528301216
6 1 0.018867924528302105
7 1 0.018867924528302105
8 1 0.018867924528301883
9 1 0.018867924528302105
10 1 0.018867924528302105
1 2 0.015151515151515582
3 2 0.015151515151515582
4 2 0.015151515151515582
5 2 0.015151515151515138
6 2 0.015151515151515138
7 2 0.015151515151515582
8 2 0.015151515151515582
9 2 0.015151515151515582
10 2 0.015151515151515138
1 3 0.01315789473684248
2 3 0.01315789473684248
4 3 0.01315789473684248
5 3 0.01315789473684248
6 3 0.01315789473684248
7 3 0.01315789473684248
8 3 0.013157894736842035
9 3 0.01315789473684248
10 3 0.013157894736842035
1 4 0.014705882352941124
2 4 0.014705882352942012
3 4 0.014705882352942012
5 4 0.014705882352941124
6 4 0.014705882352941124
7 4 0.014705882352941124
8 4 0.014705882352942012
9 4 0.014705882352942012
10 4 0.014705882352942012
1 5 0.012658227848101333
2 5 0.012658227848101333
3 5 0.012658227848101333
4 5 0.012658227848101333
6 5 0.012658227848101333
7 5 0.012658227848101333
8 5 0.012658227848101333
9 5 0.012658227848101333
10 5 0.012658227848099557
1 6 0.024390243902439046
2 6 0.024390243902439046
3 6 0.024390243902438158
4 6 0.024390243902439046
5 6 0.024390243902439046
7 6 0.024390243902439046
8 6 0.024390243902439046
9 6 0.024390243902438158
10 6 0.024390243902439046
1 7 0.016949152542372836
2 7 0.016949152542373724
3 7 0.016949152542373724
4 7 0.016949152542372836
5 7 0.016949152542372836
6 7 0.016949152542372836
8 7 0.016949152542372836
9 7 0.016949152542373724
10 7 0.016949152542373724
1 8 0.0185185185185186
2 8 0.018518518518518157
3 8 0.0185185185185186
4 8 0.018518518518519045
5 8 0.018518518518519045
6 8 0.0185185185185186
7 8 0.018518518518518157
9 8 0.018518518518518157
10 8 0.018518518518519045
1 9 0.0117647058823529
2 9 0.0117647058823529
3 9 0.0117647058823529
4 9 0.0117647058823529
5 9 0.0117647058823529
6 9 0.0117647058823529
7 9 0.0117647058823529
8 9 0.0117647058823529
10 9 0.0117647058823529
1 10 0.01449275362318847
2 10 0.01449275362318847
3 10 0.01449275362318847
4 10 0.014492753623187582
5 10 0.014492753623187582
6 10 0.01449275362318847
7 10 0.014492753623187582
8 10 0.014492753623187582
9 10 0.01449275362318847
